24 25 32 33 24 24 24 24 24 24 24 24 24 24 24 24
24 32 40 41 24 24 24 24 24 24 24 24 24 24 24 24
25 33 41 40 25 25 25 25 25 25 25 25 25 25 25 25
25 26 32 33 25 25 25 25 25 25 25 25 25 25 25 25
24 25 33 34 24 24 24 24 24 24 24 24 24 24 24 24
25 32 33 34 25 25 25 25 25 25 25 25 25 25 25 25
16 24 32 40 16 16 16 16 16 16 16 16 16 16 16 16
16 17 18 19 24 25 26 27 32 33 34 35 40 41 42 43
16 17 24 25 32 33 40 41 48 49 50 51 56 57 58 59
18 19 26 27 34 35 42 43 48 49 50 51 56 57 58 59
34 35 36 37 42 43 44 45 48 49 50 51 56 57 58 59
32 33 34 35 40 41 42 43 50 51 52 53 58 59 60 61
34 35 42 43 48 49 50 51 52 53 56 57 58 59 60 61
0 1 8 9 16 17 24 25 32 33 40 41 48 49 56 57